Invesgiate: 39,40, 58, 87,174,184,280,282,298,356,546, 576,604,655,
671,684,727,810,841,884,
 
Exclude: 52,57,61, 89,113, 104,105,106,113,114,115,117,122,126,127,
128,129,131,132,136139,141,144,151,154,156,157,158,159,164,165,166,
167,168,169,170,175,187,192,195,207,208,209,212,215,218,220,221,231,
232,233,238,241,243,244,247,248,252,253,268,269,271,272,274,275,278,
283,288,294,296,297,300,302,303,304,305,306,307,309,316,323,324,327,328,
330,334,336,337,338,342,343,344,345,346,347,353,355,359,360,361,362,
363,364,369,371,372,376,379,385,386,389,392,393,395,396,397,399,404,
406,408,409,410,412,414,415,416,422,423,428,429,432,433,434,436,438,
439,441,443,444,445,447,448,450,451,452,453,455,456,457,458,459,464,
466,467,468,469,472,473,474,478,481,487,488,489,493,495,498,512,516,
517,519,520,521, 522,525,526,527,529,531,535,547,548,549,553,558,562,
563,567,570,573,574,578,580,582,583,584,585,586,588,589,590,591,592,
593,595,596,598,599,600,601,603,606,608,609,610,611,612,614,615,616,
620,621,622,623,624,625,626,627,629,630,631,632,634,636,640,641,644,
645, 646,647,648,649,650,651,652,653,654,656,657,658,659,660,661,662,
663,664,665,666,667,668,669,670,672,673,674,675,676,677,678,681,682,
683,685,686,687,688,689,690,691,692,693,694,695,696,697,698,700,701,
703,704,705,706,708,708,710,711,712,717,722,723,724,725,726,728,729,
730,731,732,735,736,738,739,740,741,742,743,744,745,746,747,750,751,
753,760,761,762,763,764,765,766,767,768,769,772,773,774,775,776,777,
778,779,780,781,782,783,784,785,786,787,788,789,800,801,802,803,804,
805,806,807,808,809,812,813,814,815,816,817,818,819,820,821,823,824,
825,826,827,828,829,830,831,832,833,836,837,838,839,840,843,844,846,
847,848,849,852,853,853,854,855,856,857,858,861,864,867,869,877,883,
887,888,889,894,895,896,898,901,902




careful: lots of weird Betodia spp. 
